4
9
1
6
0
96
8
7
3
63
11
5
21
49
83
76
12
68
24
84
66
29
50
2
14
10
43
88
90
41
18
57
54
62
40
35
459
82
33
58
45
48
91
339
25
2
274
254
52
93
31
7
810
7
7
378
444
70
312
220
64
89
79
69
97
695
727
0
55
543
17
455
80
516
3
496
346
22
848
44
127
1
37
26
783
935
469
56
144
92
657
61
41
8
15
39
423
737
4
51
77
81
8852
301
614
405
20
610
595
578
538
40
585
608
30
185
19
227
268
78
138
758
562
909
646
38
410
743
230
34
13
85
798
495
87
265
305
601
226
861
8
95
6
1
565
943
8
897
5
133
75
120
59
307
2940
32
692
16
99
272
23
748
9
509
129
71
579
681
769
574
967
996
53
738
86
111
365
833
205
65
924
354
736
721
8217
658
214
957
440
707
781
414
6393
0
5
389
304
4
735
9556
917
2402
827
2
971
955
98
7
6
263
649
340
806
8
74
73
7
285
625
2665
958
42
204
843
866
60
480
698
8849
876
493
602
4
774
672
825
2853
28
46
218
9769
53
200
154
908
5733
342
457
67
27
175
0
997
804
69
45
143
3340
2
812
72
9
651
921
6
248
947
753
735
842
325
508
622
633
4
1
912
421
1946
573
180
383
6
677
125
359
3
671
58
502
475
0
954
3
4
8742
5
586
551
793
2673
5
763
962
32
262
817
865
636
477
882
82
6286
936
755
0
320
688
364
685
1209
422
980
424
2
115
884
337
145
769
213
1
575
461
6
6
972
599
2890
881
94
311
192
484
165
7319
318
85
747
1171
396
446
2905
830
31
787
84
676
34
113
456
0
597
864
416
711
8304
217
2
723
361
9
137
82
8123
54
1721
270
233
21
2058
21
568
47
4248
330
5594
134
287
557
333
759
824
532
466
255
278
6
867
6687
902
303
427
2
605
620
8379
452
898
638
594
6
436
7
25
875
540
8770
782
784
186
182
560
7400
239
98
5747
70
668
800
0
6
616
904
5392
789
293
114
553
169
494
648
4
406
877
939
12
151
7347
596
801
208
7
105
942
906
937
336
87
860
708
58
1
95
8761
675
8
880
2
382
40
367
593
696
384
535
368
404
9841
1354
24
607
7820
3006
370
8619
462
3293
2017
45
7545
883
523
57
733
563
931
5076
985
177
141
4
6840
744
630
78
818
9
6918
363
1114
149
654
788
6217
425
2454
124
518
517
401
712
925
2400
8820
644
261
1
206
3569
559
531
3076
993
916
2378
814
556
5493
319
498
8418
5539
271
47
9911
545
977
3552
9628
899
664
7
750
683
8247
231
525
176
9963
377
669
598
2
8775
635
4907
5083
78
7179
785
8415
895
5
6243
2743
242
235
309
7764
856
9
893
335
5331
0
7859
1717
116
832
952
647
347
1309
1395
848
5320
965
70
818
4984
32
973
23
621
699
768
631
121
6307
25
107
851
369
786
3
468
70
5
442
667
297
519
373
7
85
716
5
1125
9
3628
767
161
527
2785
857
5992
69
158
7
911
572
4172
7420
882
3034
300
207
294
561
260
3
8131
386
862
2690
5978
3575
5243
3
439
6153
3878
2
9966
408
326
283
3782
9394
938
152
8609
2527
1409
995
8369
5401
6210
2
821
490
5448
2911
71
9817
792
6781
1694
2573
1001
741
1735
6597
524
429
203
522
539
9987
49
505
164
989
1077
392
7
825
4688
7552
929
828
9574
1242
900
713
946
694
657
419
891
2234
483
3912
1
72
611
609
8917
245
582
624
1931
1248
960
3277
201
805
5
448
528
1630
879
247
773
6292
8612
534
8328
8
306
8474
913
3255
8485
2
569
6907
537
9881
914
3
811
765
674
536
403
1653
4556
918
12
434
1808
327
400
756
8
910
2
470
8788
148
420
9341
8
256
5287
9780
438
7324
4655
472
771
807
836
9897
8801
959
1
1
5
167
1375
460
963
5486
298
478
2
2864
992
507
8128
360
4821
174
9495
1377
1102
36
820
4936
853
2
1030
3949
8108
191
95
7072
7
8297
5
99
9211
2937
234
76
356
4423
433
515
1016
8
8259
4249
914
8386
555
42
590
323
684
6123
160
258
970
142
2233
1617
372
8
332
760
15
81
3077
228
2767
60
252
196
473
147
9433
86
7030
65
4024
510
349
4354
901
604
9857
7722
4022
412
491
3889
5199
7
4301
6788
568
762
50814
357
43
314
20
9485
25
47
431
66
533
232
9099
44
8265
813
451
808
690
7
4195
83
379
837
3704
4010
187
1421
8118
4855
982
158
2445
288
9294
1207
627
571
626
510
754
733
6
310
6
366
8715
26
746
5678
28
8513
456
5169
5141
64
2204
6773
849
868
829
2666
944
8321
650
581
701
887
54
246
4
7510
6131
9413
185
492
463
1805
4
618
7613
9618
445
583
20
4357
7
4781
5
5676
5003
580
514
1547
978
732
588
874
8625
155
7435
592
415
5506
7638
8
739
4
956
2366
222
8
655
613
3
83
6219
411
77
7794
399
1845
819
55
69
7983
259
9131
235
358
3825
567
8784
374
1282
5364
1
623
511
486
576
734
8832
1
4101
8518
487
541
974
397
38
2162
988
1677
552
2432
8531
253
600
42
6108
7
7483
33374
3
7946
591
58
98
961
443
132
5911
841
2276
6178
808
380
5821
530
6394
6328
225
3453
3884
990
3360
67
118
8669
3093
8540
5383
315
8061
99
451
8017
3616
7
548
178
3361
2520
385
9
7289
42
5201
1335
8334
994
21
9800
863
666
930
7194
951
3
1846
237
8347
724
241
398
896
2143
156
54317
162
19
2
4663
3618
546
539
3425
4208
2277
3714
6498
7300
1430
5965
2942
3194
497
5558
6976
84295
3279
6404
2354
413
499
5719
7349
2332
928
8908
761
9961
26
308
6
3
5908
2
202
9444
32
482
193
1500
40
791
409
43
9523
2494
706
6390
1328
240
4034
6983
101
1
3764
1
2
65
1672
7994
6
35
3896
6164
6854
4387
8
5887
55
277
236
275
6801
5720
6113
5926
7
5189
6863
157
1006
7
7012
6869
91
9529
670
5944
257
1034
742
8397
558
13
7
0
6266
2693
55
2
641
59
345
839
2448
704
5664
8586
1136
9
7514
3602
7266
885
5156
858
3199
892
16
2
5
7501
4678
2
9325
21
2954
49
9032
8861
9203
795
0
87
104
549
1417
0
3660
6813
3
183
2243
4927
3092
394
1288
6
5412
1068
90
4
15
1965
488
7226
6152
16
5110
1329
7195
854
26322
6034
8979
8113
845
4730
2141
751
60
6431
2430
790
426
8798
1489
1234
757
4319
4901
831
888
9246
953
3638
6657
7829
58
5144
7296
1738
9582
212
49
67657
941
7368
7
7276
49
7670
7957
6
5315
8135
4500
8503
520
1178
3499
99956
3019
7962
9708
872
375
2428
83313
8928
897
8743
9
981
317
15
5
1585
142
3890
153
243
117
9338
674
93
999
764
8
72679
331
103
1134
375
0
5
3836
2077
542
4579
7557
1327
7680
8
8
852
3652
1380
5297
2837
7
188
2300
4872
4942
7232
4
13
710
8501
869
273
449
4465
1346
1467
659
6725
8176
907
4971
7878
547
88
7419
673
3603
7953
8
745
252
722
5830
102
150
21347
2223
299
2815
6055
2831
1051
3
615
179
92525
2397
9031
5439
9060
49394
98
6614
6857
465
1442
8995
7925
752
8990
8019
6889
5797
7
846
5478
821
9577
9867
2656
4090
2452
603
652
700
8
535
55188
2447
5902
5443
4196
5831
4991
6339
3614
9232
4618
8532
7
9980
2728
3
7293
9532
453
96204
6922
25962
661
718
2329
872
8063
2
8450
50
501
506
335
6621
343
199
4964
552
731
68
5211
86
8245
212
8164
5877
9044
59
7477
69
9579
34
4205
60
8362
3302
934
632
428
9883
91
2
2891
4
6186
7099
6
8
6223
290
418
2507
8122
915
92086
6
289
2439
3613
5208
1257
219
4271
122
2909
33216
4399
190
9938
9395
809
14
43
2261
816
3939
6654
5115
62
988
437
7186
5667
3082
898
391
376
197
264
703
587
566
9669
2133
6
871
687
199
7930
1393
776
9850
72
3632
6
8981
18251
18
16
682
2
4938
5102
775
662
5948
8873
9401
6912
7703
6753
9166
8704
9548
1975
334
2749
7424
8084
20009
2
5366
1712
467
291
4675
7248
36359
691
26
168
4788
8251
5029
680
8961
6
2287
7715
4016
7
98
4243
4300
3421
18
923
6180
302
9687
9
8313
8943
840
224
5052
867
1913
210
99
3692
388
484
8
9418
3841
500
642
9970
7298
324
7
2407
471
352
209
13
1995
650
3
3923
5964
7
7986
3957
11
4361
3
3
52
9580
515
9062
211
4302
8000
6909
6025
678
1202
7839
979
284
63
7333
3865
8441
3774
7158
159
40
6455
7526
6
802
3790
50
5345
16
2
2734
136
75
9050
24
2515
2959
5508
45605
894
4648
158
417
5769
4506
9712
170
1615
252
91961
1675
195
6570
823
6
139
6727
3226
98
74
5
37400
6537
57
35
778
6142
89082
1623
645
9616
15021
163
48
3066
82
1319
8509
61895
2
43108
905
1142
5796
313
238
6
27191
3014
7220
102
7
8493
5700
329
5658
5008
4817
1331
5312
279
1572
4137
8
222
4
937
7917
7750
55
8985
7868
9309
4384
544
2883
353
266
34
8183
3409
458
847
1155
221
1787
2
8
6606
7423
1926
634
16266
328
5379
1654
6323
25
5362
708
1823
321
9410
2501
2392
23353
25
6
7
640
250
889
3916
2232
5166
844
6165
8514
991
89965
6258
5180
0
82
4431
3
7
714
878
4889
985
1676
1783
6625
3589
6603
3007
6155
2509
98075
38
8575
52
7426
4160
3219
3276
63
5031
588
3
92
653
870
9
2932
2740
1042
5
3719
7674
5680
29323
3537
39
3623
367
278
6021
88
4
983
3467
1157
67
6421
8406
2
5352
8323
514
8112
8628
2675
3083
7847
6862
28
5795
4
18
1
8195
6500
24859
4453
1552
6524
1999
1
731
5600
2134
6
8591
79
1533
42
8261
529
2139
5833
3059
4
6441
1078
570
70
4820
719
447
1793
2404
5220
562
9587
14
19
1325
2
975
2307
6
8762
28229
454
15
839
2973
501
3157
481
725
1818
8987
8319
8691
1212
7759
30
3948
772
4308
1295
6309
6256
7487
6320
5958
577
46
3
6
2388
9
969
629
236
6874
9151
93
8
16
40349
0
1039
715
296
3471
998
1183
5721
189
7499
9392
489
4535
94331
5004
8223
749
5460
8521
8641
8147
9816
7497
512
651
7897
378
9001
6192
402
87
6076
7078
7927
7699
485
1
4636
2042
8227
5982
2137
3546
3140
6593
6181
128
46
617
6
3530
8563
59
9083
6316
672
29
5999
1
542
3
35
7
723
0
3368
5889
6
88506
6991
8296
619
628
8155
9819
7
9537
56
15
7644
1619
8
8968
3
112
1890
8
5
6281
7
311
6175
7
1
86
9842
3727
2363
28
15
7993
7315
953
6220
2623
4352
734
7600
4234
529
8
3
7607
3394
8856
1
8478
4542
815
9
6747
1631
6623
7
27
3030
6814
9758
5289
950
8235
637
8962
6
28
1583
7909
38
1403
6467
510
9751
8579
711
4227
834
1508
288
9950
619
80249
97544
215
562
1868
3
5592
2630
7493
76
987
6422
4473
2726
702
0
4633
726
4041
404
276
167
93026
348
7137
903
3979
3347
3905
7919
47
6039
9090
1146
1258
9
7817
7081
3
5784
1915
6963
5556
2131
268
643
1904
11193
589
1406
14671
7
3323
90
5277
8236
9
8166
2423
2608
1113
886
8904
467
9231
799
2713
371
800
8198
9856
50703
21797
3945
1434
794
4886
3864
4374
2048
1360
441
6689
39
5777
5
244
1534
8056
4974
2
2410
9350
166
8149
106
6016
264
8507
58793
7
7372
6462
6252
50
7756
181
2339
8932
4771
96
2906
3967
43
1568
476
504
1334
7
9288
4620
36313
362
4113
6884
7
4468
7564
8675
1968
15958
1400
9169
9796
9067
8978
2554
7122
513
5537
1925
3999
350
7662
95495
1276
8630
3746
3950
5533
101
4772
521
2
4669
7
1279
945
4860
1917
8433
1832
2766
28543
6776
2551
6245
1169
8165
4
180
740
4
1741
0
416
2
693
8780
7375
42184
9368
432
7437
596
82770
282
36252
9
7196
3578
76213
9
47
4836
7412
7050
143
173
65
5870
79829
728
30744
717
8896
2699
8189
241
2537
93
1
2599
91
4508
83580
5020
44827
1942
6
251
1094
5299
570
720
6
7928
2619
1241
3626
0
9
0
3767
6474
39
1
79
4313
6373
2555
6057
749
6414
2923
6032
25164
3412
92
85
2054
1217
6615
2904
4769
5067
984
8043
7936
5492
1
1801
3404
1126
109
7633
81023
3396
8409
63320
3685
884
4499
2
7949
59
3335
7200
964
3842
5276
7241
6
976
64
3742
855
6
456
2359
267
922
5403
9647
941
9073
4340
56003
86812
57457
3438
5699
4096
6981
7874
1358
8141
9622
71876
6835
9002
2284
3899
665
3861
83376
2065
4709
7467
9459
2968
38
3476
6508
1086
9
4641
189
1859
550
48851
1
27
5228
8491
7025
5442
102
13
803
3484
5
660
62754
4
8222
9787
57
76535
140
5288
8894
2974
5
6392
374
637
6
5396
2582
8
9070
7171
4498
2399
9522
381
83219
9
15
1622
5906
2999
7609
7
81
7924
4258
949
1132
3100
56154
9299
1129
73640
4202
4
479
387
5689
7
1591
4
9644
9995
8
3509
9405
6644
7425
41077
1158
6226
3168
79
5860
4
5324
3422
5473
6575
5806
3209
2495
4626
7864
37351
430
295
471
1747
5
1600
1666
81
3297
249
7806
5762
7596
4902
36
92
1306
54
705
4091
21
48108
8707
8974
775
8606
5326
8
1432
5
9858
9
7252
6002
7392
8241
8620
7181
8030
4720
3156
2078
6010
5562
8146
779
3551
7
8783
3
6417
6
2
3681
3
5802
5327
36
58639
58621
8058
29
6161
7
6589
1461
9502
61
846
6
8
2301
4946
355
4295
2738
8216
989
7408
5295
4740
3729
9721
9484
4583
83989
6315
210
2943
3867
3091
3
4997
1170
9
585
3172
4001
3494
8685
3591
9301
93
1420
8933
89266
69423
86
5259
3216
5
20826
15043
6935
6648
5375
3857
187
2
628
6143
1141
9946
1877
3858
4127
1503
5237
80
62
75
7295
6754
9
1774
60528
1352
1746
7535
2210
7174
830
7209
5834
9196
341
1206
7
997
6
9455
9
4
83098
8324
14773
196
2516
8779
5206
9795
5332
7
3791
4164
6182
1364
5097
7515
4037
9
75629
86
37
100
5041
6174
6692
9
281
12
7214
3763
362
4066
570
70
8
3316
9892
64864
2260
8
1857
43
98
326
63617
72
9878
9254
27604
9274
76151
7550
9
8
8416
3852
9550
0
9937
765
58030
6
7383
1780
656
4373
5298
5851
7883
5
66353
686
1
3917
1
7548
1286
808
4485
7162
9999
3330
1
2493
3020
5154
49
1373
4525
1879
1137
8238
16
3481
9456
640
9
1101
6037
6472
750
8201
44745
36
2125
303
2303
3308
91
4285
4
8666
2525
75509
3183
81
2
37
8326
6900
30
5841
94756
4869
5968
3473
7378
2683
5068
5577
16
71926
279
22
3902
6253
6235
4
30947
8698
65600
8942
3024
7524
43
6804
7464
9146
6678
679
1
2907
3728
9474
6511
8354
1
4687
31593
3759
4
474
1074
6199
7740
8845
3
390
9585
4545
8355
6480
7992
46298
74188
1524
6512
8134
6098
873
2845
2
8778
941
1087
1369
584
3926
2426
2705
82
3803
6625
32734
4825
5
9055
8295
3065
7671
663
3048
5788
612
82
322
7247
1798
9947
8689
2885
4939
338
376
4460
766
25441
14
6
1011
9496
8367
6924
8269
6282
5832
5307
7536
3270
1177
3071
395
7568
8644
5730
6
110
7342
9734
2036
6091
50
1827
76237
0
453
27821
5787
9135
8740
8174
8918
1
1435
6454
7618
3738
8930
135
1908
6926
3985
71
150
42600
77641
697
9332
352
9584
8858
4811
7053
8445
5922
5988
84
79636
822
4266
5414
7
7781
1462
7628
1882
4612
0
51
9764
37
44504
3064
24
1574
9909
4
5768
2104
3202
86854
8878
30
1348
926
564
5317
9012
7
1697
3291
69
34579
15279
67
5233
6791
4331
2067
838
9994
8893
8194
3837
510
95
172
4368
2645
8026
6977
4
8
14901
6275
7688
87690
3511
5923
5880
2186
460
5635
939
5672
9521
15
201
940
3663
6808
58841
61471
5598
8744
1033
2809
10512
6572
50997
8684
4372
9229
6321
2736
9698
5868
2020
6146
34134
8101
4538
6
9285
9
1855
7328
5
770
9849
294
8356
7474
7147
6
4728
740
6573
351
639
136
922
2842
922
3794
9252
6487
0
43
6144
6364
890
5186
8611
2733
393
2781
7090
75037
91010
911
526
9619
7075
345
9
1984
43
8078
4322
6652
9
1174
5587
93
7193
6084
56942
6491
7775
6444
5974
6362
4
52540
65895
4449
8408
20
520
5
2
7796
30
4385
2786
5548
2751
1390
90
3529
4288
9629
2
7996
7130
7809
3336
1516
7192
7114
9964
2253
2299
9111
1884
8
2579
3193
41983
6684
5380
54897
9945
8456
6
22621
2721
2798
5
7681
45870
12912
4
7026
968
7
184
5
3075
2947
7160
9703
114
3352
9000
29742
5
3
3624
3139
7844
6810
6298
9501
1
108
7709
677
8153
45
3649
6379
94519
613
3464
83521
4
7021
82979
5185
8396
7445
5586
9458
7120
6139
8557
43
19
356
2082
5677
3928
4459
3229
2106
32450
601
9049
1797
316
29638
5368
7865
1
2
6514
9
60
25
5637
9965
6017
286
9095
4
760
722
2043
6
4729
7127
35
6358
4737
6563
606
5684
14277
3078
9421
2461
5685
4779
1886
8226
4
7168
932
99
3493
16698
7
5198
68815
8855
9471
1848
6331
9178
9086
27
4758
792
344
5702
1640
94224
1726
238
1353
27155
7602
40
34520
9715
623
3353
275
4075
50113
2094
3762
69
69944
621
8926
146
49384
80070
4
21013
92972
6270
1513
2650
8200
777
96
1022
7350
927
4
6526
421
8
7297
4
5
3
198
3697
3
3038
6
74
8012
4738
993
9035
72714
412
4487
7562
4133
90
7939
6516
4223
59615
5
8
67683
7932
7800
6634
65
9454
3002
2558
8
7
1449
6878
7889
33
8315
5
42
1
4171
9122
60258
1043
3
7180
29
9348
8703
9
2640
14795
7977
8756
29
81305
5173
3676
966
72
86883
4270
95
51471
831
6704
2116
1771
4564
3118
2625
9689
72463
8329
8701
48856
37
3611
7852
10925
9918
1681
8055
6233
89
5322
8629
2086
56
9879
1160
7689
5
3879
2921
221
28210
1876
4128
3227
3053
5535
5727
1227
5
4412
52
407
7434
7077
3814
1267
4661
6739
9317
8283
2478
6141
8059
2710
5174
503
5920
5728
978
48
6641
1110
8359
9599
7757
9921
3668
356
8
6387
36
94531
4393
1
4597
8276
864
4509
9824
17809
4896
2780
9873
554
8480
835
2038
8
38
4198
10012
7380
3873
9894
7
6984
6789
5794
7538
5240
6707
7441
49
1166
9259
57445
18831
9370
5528
2773
8332
13
2197
7706
8877
22
6257
1235
195
7217
3
673
8246
844
7411
5846
8305
8999
1957
780
4980
19829
45066
7427
6
4548
7500
8946
1476
7259
4
5929
7040
80501
49
9767
8690
292
7362
2052
2646
8726
11
55958
8781
3
21625
7000
0
6960
0
54976
38
7
30
5016
965
7785
5134
769
5241
38
4
3817
123
8249
7
3862
99
4
8426
6
7774
91508
14182
4804
0
3
917
4326
1727
6423
1015
22
85
3
4174
2914
45626
7942
5482
2991
8490
29520
4013
14103
9827
9593
2005
8782
1278
98
33150
8627
5504
5452
5314
6334
2266
725
52740
2544
6846
5
10
460
8368
7836
4961
804
2
3072
9290
6107
7520
786
8906
759
125
5866
7
9638
7894
7543
1679
8125
7432
46
4404
6073
86557
4378
484
2341
6
7652
2408
6833
6469
1182
4693
6965
2442
4154
80
19847
3961
3
4615
9589
5126
2
1083
9
5215
50191
2586
948
596
4874
6
8759
4445
17794
4753
9880
7312
84
73042
52692
76930
5822
3521
7428
33264
7449
41226
38353
2289
10
38
3317
92
1418
7793
4
4846
67
4649
7765
73
9506
5191
5607
965
325
1709
61
94191
4603
135
931
87
3387
6
1441
4138
71
6149
18817
2729
709
15883
8602
1796
5384
7647
7631
9559
7407
36225
40
31322
3258
194
8229
4850
4112
4570
2
26012
40913
7106
4989
1495
2200
6135
7258
8255
4004
5683
6435
592
6451
1
9778
19283
5293
2055
2
6
6192
14196
131
6
69474
5
36
2059
5279
7513
5759
45394
2364
3324
6534
8
7724
9464
5989
2668
859
57
9
50111
8865
59166
30
4252
1412
3736
2
770
61033
3079
5839
7027
45446
7
7221
7016
8637
34910
859
2
6865
1
5966
2194
24092
56348
73262
8622
4219
2581
5
9
68
3737
4763
9606
347
35354
8413
7850
4561
1376
133
3821
1338
6978
433
67981
92
94992
7
8710
14
9
8110
3936
3413
9940
6548
0
7177
9
776
40727
1154
92
96628
38
8199
7563
2362
8746
48
7085
7
14234
403
5
2403
4931
27
3256
185
308
5026
9
6866
4917
23
287
8341
1413
1
94547
8598
48
3953
55749
6
56
3191
9716
9416
15
5155
2485
576
9163
9466
1740
1777
9864
1271
7332
826
5665
2390
5615
44
72843
19
5940
6793
62
2296
3309
25
3877
57620
0
7827
2183
77285
4324
5565
2056
7522
41242
3924
3690
16349
1974
723
1688
6106
9564
2868
2758
78717
4456
57
5194
3566
14
37200
6995
67876
1743
9518
7054
1557
1
23
5338
7206
91
3114
9
3
6477
1184
1
4286
24681
50637
1550
2491
3
6519
4318
9265
4033
7073
1992
2634
713
5
83627
1337
93
4722
7921
78
3364
8553
8132
5687
660
7982
1
435
560
28066
645
8349
4632
7554
31
85149
3966
6838
5430
7292
5540
2293
96
41
5158
9071
3550
8010
78
9117
26
1
38793
1715
145
3370
6283
8909
1
68241
26
51
2553
6502
7385
1803
7570
32
8777
53490
5538
4131
1211
2349
9335
2985
2707
8272
97345
90548
2
78628
334
70
6699
4278
8546
3204
8989
79907
108
7713
3040
2257
1385
904
933
7626
6
7632
2830
33117
6461
8377
1
92206
5
9144
73699
9830
2026
80716
87646
2003
5236
3288
2021
2
7990
3142
9829
47773
7831
1012
4680
7472
4887
74650
5505
286
1480
8526
14
7
3117
5455
9783
6355
5761
5357
1509
7531
8901
3282
3723
18
46
58637
2323
4926
8
25
4903
3025
0
7138
4432
7871
82875
26
3647
8986
34
4355
6484
4314
3235
4
5574
15226
1987
8882
42825
4
5405
3174
1502
8274
38278
3265
3469
3513
53753
9147
9641
150
68209
79096
87505
5
9
6
3
27
4344
2
2706
5
2
3419
1
4796
3834
3124
1222
5343
50966
94928
4230
1
9181
921
9509
5785
31889
5207
35
764
229
9427
28032
2
4147
2499
36902
8020
8002
2250
24
26
109
78652
4225
7267
743
5428
8483
49299
41541
5390
93687
72
35
3
1025
1317
2994
9
9960
34
244
6841
6611
3164
9443
2464
885
377
86535
9026
9156
85398
95393
2598
23244
1032
646
6888
9125
1521
2379
14743
4087
325
7822
66
529
51
3033
192
1673
7815
9278
4510
6449
4731
80
7763
9
7
5434
6
171
2528
3257
5
3977
49818
20
10
6198
2057
3056
158
33706
33
6163
4569
97
5214
6635
61742
125
5706
5055
16139
170
69
7007
46
4307
5803
4421
8071
6858
7885
5045
4
1
4303
4
58
1093
7386
4019
4371
493
3242
69
5422
2281
5135
8517
1
6886
4706
82700
35205
7872
8
1
14312
3812
6066
10941
1920
2965
24
97759
9010
4406
7624
2840
9614
5541
6093
1
9
0
2236
3810
672
43894
22864
69198
68227
965
9811
4272
24
204
64089
4668
7893
6061
7137
8325
1645
6893
197
6482
6
6370
4837
76201
5400
34670
7262
6930
3318
34314
2748
31825
1
33
89913
4517
990
865
46712
73760
9741
89526
8802
7039
5579
27129
8905
8907
4213
7003
83495
82
90
5252
9119
9167
478
4379
81473
3780
62677
35986
1018
38
94
5385
1
8380
5682
1291
1873
5526
179
7733
1784
9709
3942
30
6822
7115
6728
1028
7
2497
5167
6752
6
80238
4210
9220
65539
6
380
5595
7301
3315
544
3781
8965
54
4714
34730
2840
6987
7231
2
530
50754
2
9270
5245
93
4044
6006
2229
2320
42
3639
11299
3
59674
6525
788
7853
959
4634
378
831
7245
92961
7
6
7846
5086
5030
1580
447
6906
7629
2033
3978
4483
870
94
24671
1
6287
85
4349
485
3240
2600
49569
3891
147
9713
74001
6341
7182
7068
7207
8008
7920
98
5826
43813
4273
66847
97
170
1
5912
1274
1657
72
1515
3898
459
3745
8
5619
3225
34282
3022
6156
6533
2689
37209
5393
2
5863
6436
60302
20
2079
8537
5471
4
8477
2405
60
78592
6040
2730
4629
3808
7969
46
5646
60031
1168
2291
8610
227
6921
1
5557
61130
4
7047
1707
9351
8509
8268
8330
3
2269
8114
54
730
4985
1361
9
1103
38368
6830
657
3498
202
9486
3130
65335
229
4
76180
5679
7534
87539
0
4992
918
3768
56135
1308
433
9
99199
7735
5404
719
5517
4121
4238
7
5497
4574
9884
93010
7055
4
6598
6225
31978
4
1638
26356
16632
6596
49068
94116
7189
1541
52
5898
13903
1829
3
9812
9113
994
51080
84
7100
8576
8568
3863
36055
2614
0
8116
2
27920
51129
7723
5219
2678
9789
646
1
7121
6955
9108
467
26
9545
626
6324
5915
4
8577
94
73543
36540
9852
2916
1
3408
3367
57
9676
6
4400
7468
9
670
5542
8220
42
5892
6049
21191
3747
14
2172
8438
70997
99536
8152
7590
5073
3696
390
6
5453
290
969
4937
3881
22058
13
4265
83055
1368
4216
9209
50380
57843
7146
4960
644
5939
7789
9707
7532
9328
4
59354
5431
5501
1151
7142
4983
4403
4
9885
40508
2215
6574
66764
7236
61286
7772
677
6
6738
66601
4402
6794
3311
93535
7830
6092
1005
2344
7010
3700
49693
6887
8972
8502
6649
5746
677
82
3661
4911
1
3962
9660
1
3177
768
3531
241
9794
3
2982
36387
6803
27
7473
5027
208
4
1838
4076
6121
2585
8694
990
1976
9321
5
7679
9869
919
5359
1763
97917
8839
8542
22933
2
142
7403
52175
6588
4489
2606
2
7159
24112
19711
68
4
25
4533
9836
23721
2592
8517
4290
4686
7002
1402
2348
7504
1481
5142
8581
8741
9412
3501
2205
0
12
7044
1225
45
9670
7
6547
967
8635
3941
91186
3074
1733
5417
9578
0
32261
2534
7222
63832
496
15
68
2187
415
2
6711
80
537
20830
7780
61964
65439
76
3975
2912
16502
50145
64
78
1419
5015
2255
9747
76601
8151
4048
8463
8652
9
1196
6314
66726
6119
11199
1
9717
819
7754
2324
13
93
615
8566
3051
55150
5
6
280
60880
65811
8736
5622
67
9247
8
719
5593
317
5268
94168
2330
8
1
6890
7
7964
3991
92861
5847
2694
3058
5
187
71338
130
8881
6158
24534
20788
5653
6330
9
3565
6218
9771
62
8407
39
6561
5425
8292
1648
84131
548
6891
2
6583
6
8212
25862
6095
1819
3771
1483
1479
7205
41263
49740
3248
60297
27109
4841
60732
6875
5530
6378
4382
573
7823
11
24013
6333
6
4624
7004
6410
5258
91481
82
77
53806
8
1303
33777
74105
68703
6726
8827
8489
58162
378
66
9
29142
919
7107
9138
1530
8360
3479
0
270
782
4476
8841
15882
478
76714
1930
5444
3850
112
1145
5996
23073
60
70411
4
2
265
8232
796
2569
3322
5051
0
7646
2380
6094
9488
3285
25158
2111
3455
9
8476
3420
5896
5692
89
9379
85586
5
572
83759
9218
9748
59978
2695
1159
68605
75743
92673
689
5507
50
2651
9571
3294
9051
3754
57805
23121
6998
1528
6771
6
3
3
67029
358
46
893
15677
572277
0
12
84
5421
516
2677
78852
9837
1330
17790
4
1236
31945
7655
87
1525
6179
1
5789
5864
2530
585
5022
37878
8728
2
8769
6176
1471
0
5825
7739
298
402
9942
75918
2127
0
56439
5782
2222
383
9914
25910
4085
120
85428
6488
4
24
79
4658
93615
59317
4
5171
3580
5584
4838
4
7777
795
4079
4560
4544
9
7786
39928
2647
10611
5095
4047
6925
4284
9200
4910
1
5255
43
2948
72
4975
93
4882
3
7178
87041
9
7431
615
30728
3711
16
18
71200
8027
27329
6
2398
9028
32
1939
8488
6757
6718
5707
9983
209
60152
41
9668
5688
7
89613
7465
2437
8713
1596
313
37148
26620
8
8969
274
53
9320
7923
9
3903
95
8744
53893
7361
8913
6214
5
14
1224
7133
776
9719
7123
7373
0
52259
2181
37
6679
617
2879
77039
8473
8643
3178
3547
6669
5554
5629
5
7694
47635
77773
57
531
3043
4988
1072
1837
40
82654
91
3440
3987
5060
29414
25010
82021
2132
7430
8673
22104
65609
15268
32343
8
3851
91500
6229
2498
89
50
4194
86
1678
8585
9
4768
83292
1724
89
99
6045
452
8262
27873
94570
2820
89848
62548
1680
940
4282
3173
2235
4011
3104
17
7
15692
77397
5855
6824
99
68033
3
9036
9
5319
7887
9898
71310
3751
7199
0
5196
7215
2295
2
7782
2856
98317
4599
9682
7
8210
1384
63212
58242
4472
21
42
1116
7981
5
166
305
3213
3677
93
4052
4444
5861
7
97
8
1351
17106
7234
32792
9
24
6
7341
4245
5977
23
3452
41601
30771
10
69503
30141
50047
1
79807
6068
4766
7230
7475
0
5472
2
1656
47074
51086
2319
5791
72306
37
5043
4553
75630
890
8479
1128
7401
65441
1492
3597
70332
77836
2180
15404
1869
1026
8519
4943
4537
4071
3070
2384
8795
5054
41021
7273
4956
39277
99030
285
4236
4104
0
9289
6058
5306
5932
2297
2368
3543
5200
67110
5513
3644
29365
1455
7
65426
697
4764
9581
40717
4845
1955
45000
1332
6405
7242
4299
26
874
6686
5712
4799
5292
9479
6453
7
4239
24
6784
7
646
8
52898
2316
804
1670
1964
2
6616
7446
3659
5150
5842
4159
2160
2
7387
2936
94297
1218
8
8659
6783
8
701
6
8539
99455
94498
4014
254
94371
38
52161
1061
12
40
2
7648
3965
2203
349
2686
79
0
9465
45
25397
948
6579
1153
79677
1853
8
6880
8558
41959
8951
5418
1277
94
2718
87716
464
48789
9658
8096
9313
94
66
781
6
921
78291
8551
7503
8925
2383
9823
4666
79052
1985
3284
0
1149
3042
3
3
637
90
87409
92036
70
6276
62
7116
78337
4277
1
5
216
780
2555
3233
1219
2944
0
9022
5447
8004
1960
8085
54
6674
3319
482
9
2213
5105
54867
6447
9382
84502
8565
6681
4
69861
2103
9204
39
95857
5813
79
511
5872
93195
44
30414
5739
78161
9704
3486
92124
1
2394
280
46
3908
7365
59
5895
8453
9340
5
34002
1684
8511
8
6504
6
6778
47248
6420
8633
41873
79047
83892
2440
